  122/04/2018         .                                                   1  F  4.8 35.8 23.2 18.3 0.12 15.1   90   1.0  6.9 12.5   390
  324/04/2018         .                                                   1  F  3.9 70.8 17.5 24.5 0.12   42116.1   1.0  6.3 12.7   440
  421/04/2018         .                                                   1  F  4.1 94.7 29.6 27.5 0.16 26.2111.1   1.3  7.4 13.3   440
  823/04/2018         .                                                   1  F  4.2 77.6 20.6 15.4 0.22 24.6105.0   1.6  6.3 14.3   440
 1323/04/2018         .                                                   1  F  3.2   93  8.7 14.2 0.22 39.2110.0   1.7  6.9 13.2   480
 1425/04/2018         .                                                   1  M  4.4125.7 17.7  9.2 0.09 14.3108.0   0.9  6.6 13.8   530
 1806/05/2018         .                                                   1  M  4.3140.8 20.1 15.3 0.02 11.5107.0   0.5  5.2 16.6   510
 2305/05/2018         .                                                   1  F    4152.8 10.2 26.6 0.32 44.8  100   2.0  6.4 14.1   500
 2408/05/2018         .                                                   1  F    4 52.3 18.2 18.3 0.18 29.2112.1   1.2  6.3 13.3   440
 2605/05/2018         .                                                   1  F  5.1 89.5 27.5 15.3 0.32 19.6111.1   2.2  5.5 13.1   430
 2703/05/2018         .                                                   1  M  3.8   82 35.1 23.1 0.15 15.2  100   1.1  5.7 14.3   470
 3105/05/2018         .                                                   1  M  5.2 56.1 32.8 25.6 0.27 46.5 98.0   1.8  6.6 12.9   420
 3311/05/2018         .                                                   1  M  5.1124.3   15 30.9 0.01 31.1103.0   0.3  7.9 14.1   400
 3412/05/2018         .                                                   1  M  5.2   63 23.3 15.2 0.05 32.7114.1   0.6  5.3 13.7   380
 3518/05/2018         .                                                   1  M  4.5 83.8 24.8 16.7 0.28 39.2  111   1.9  6.4   15   480
 3619/05/2018         .                                                   1  F  3.8129.4 34.9 19.5 0.04 31.7108.0   0.8  6.7 13.4   460
 3917/05/2018         .                                                   1  M  4.6 73.8 19.7 32.5 0.03 10.8110.0   0.4    7 12.8   540
 4020/05/2018         .                                                   1  M  5.8105.6   15   23 0.22 18.1 94.0   1.8  5.9 15.5   560
 4322/05/2018         .                                                   1  M  4.2 53.8 14.2 35.4 0.18 50.9  100   1.3  6.5 13.5   400
 4720/05/2018         .                                                   1  F  4.3 99.8 17.6 26.3 0.23 11.8115.1    1.    7 16.7   540
 4928/05/2018         .                                                   1  F  5.3 66.3 14.6 25.9 0.01 31.3102.0   0.3  7.8   12   390
 5301/06/2018         .                                                   1  F  3.9 47.6 21.1 16.7 0.12 42.9105.0    0.  5.9   13   480
 5403/06/2018         .                                                   1  M  4.8103.2   27 22.2 0.11   28110.0   0.8  6.9 13.8   460
 5531/05/2018         .                                                   1  M  4.2133.4 20.1 25.8 0.14 29.7111.1   1.2  6.2 16.5   560
 5602/06/2018         .                                                   1  M  4.3109.9 18.8 26.5  0.2 31.2108.0   1.6    7 16.2   600
 5729/05/2018         .                                                   1  F  4.8 73.9 17.1 24.9 0.25 36.4101.0   1.7  6.6 14.3   440
 6010/06/2018         .                                                   1  M  4.8 91.3 27.7 28.5  0.2   46  100   1.4  6.2 13.7   430
 6107/06/2018         .                                                   1  M  4.1101.6 23.3 20.2 0.18 23.9117.1   1.3  5.8 12.1   390
 6206/06/2018         .                                                   1  M  4.5   95  5.7   16  0.2 38.7   90   1.3  6.1 13.1   420
 6310/06/2018         .                                                   1  F    5 33.8 24.9 23.6 0.25 34.1  100   1.6  5.7 11.2   420
 6613/06/2018         .                                                   1  M  4.9119.6 22.7 14.6 0.07 12.4107.0    0.    8   13   440
 6706/06/2018         .                                                   1  F  5.3 57.1 32.4 11.3 0.22 20.7101.0   1.6  6.8 16.8   590
 6806/06/2018         .                                                   1  F    5 89.9 32.1 23.3 0.11 29.7109.1   1.0  6.1 12.9   470
 6908/06/2018         .                                                   1  F  4.6135.5 39.6 13.2 0.01 30.8113.1   0.3    6 12.6   460
 7011/06/2018         .                                                   1  F  4.7141.8 34.6 35.7 0.24 28.7 97.0   1.7  7.5 13.1   490
 7212/06/2018         .                                                   1  M  4.9110.1 24.5 22.1 0.13 30.9106.0   0.9  4.9 13.8   400
 7306/06/2018         .                                                   1  M  4.6   73 18.2 25.8 0.24 51.8102.0   1.7  5.3 12.9   450
 7414/06/2018         .                                                   1  F  3.7124.1 26.3 31.1 0.21 20.2111.1   1.5  6.2 14.1   470
 7507/06/2018         .                                                   1  F  4.5106.8 18.3 22.3 0.09 13.6104.0   0.9  6.7 15.6   560
 7613/06/2018         .                                                   1  M  4.3   30 24.6 16.2 0.22 32.4108.0   1.4  4.5 13.9   440
 7809/06/2018         .                                                   1  M    4 61.4 23.7 21.3 0.24  8.4  100   1.7  5.3 13.4   420
 7917/06/2018         .                                                   1  F  4.4 93.8 32.1 20.1 0.28 31.7107.0   1.9  6.5 12.1   450
 8113/06/2018         .                                                   1  F  4.4105.4  7.6   29 0.22  8.6 97.0   1.6  6.2 15.8   490
 8218/06/2018         .                                                   1  F    5 38.8   13  9.2 0.28 30.2107.0   2.1  6.5   13   430
 8318/06/2018         .                                                   1  F  4.7129.7 34.2 18.8 0.35 23.7103.0   2.2  5.3   13   390
 8425/06/2018         .                                                   1  F  4.9 42.4 16.9 31.4 0.14 34.3114.1    1.  8.1 14.1   490
 8517/06/2018         .                                                   1  M  4.8 93.3   20 13.8  0.2 29.3116.1   1.5  7.4 13.4   450
 8618/06/2018         .                                                   1  F  4.9 80.9 24.1   16 0.19 19.4 99.0   1.3  6.8 15.4   470
 8724/06/2018         .                                                   1  F  3.9 71.1 19.3 24.2 0.27   27110.0   1.8  5.5 14.6   450
 9021/06/2018         .                                                   1  M  4.1 54.3   17 31.1 0.17 23.5  100   1.4  6.7 13.4   440
 9126/06/2018         .                                                   1  M  4.1109.3 12.7 19.3 0.06 43.1107.0   0.8  7.3 13.3   380
 9224/06/2018         .                                                   1  F    4117.8 33.6 21.2 0.14 34.7107.0   1.2  6.4 13.1   420
 9325/06/2018         .                                                   1  F  3.8109.7 23.1 30.3  0.2  8.3112.1   1.4  5.8 13.2   400
 9626/06/2018         .                                                   1  F    4   86 11.9 21.9  0.2   23114.1   1.2  6.2 15.9   480
 9704/07/2018         .                                                   1  F  3.9 61.5 22.5 31.6 0.23 27.3100.0   1.6  6.5 11.6   410
10206/07/2018         .                                                   1  M  4.4   75 15.3 20.6 0.24 18.4106.0   1.7  5.1 14.5   490
10906/07/2018         .                                                   1  M    4 67.3 31.4 27.1 0.22 22.3110.1   1.4    7 11.4   410
11307/07/2018         .                                                   1  M  4.6 36.3 27.5 25.8 0.05 48.5102.0   0.5  7.7 13.5   450
11409/07/2018         .                                                   1  F  4.3148.7 21.7 15.8 0.11 25.6103.0   0.9    6 12.8   400
11515/07/2018         .                                                   1  F    4106.9   31 21.7 0.14 30.3101.0   0.9  6.1 14.6   460
12121/07/2018         .                                                   1  F  4.5 23.3 25.6 22.4 0.26 21.8100.0    1.  5.9 15.1   560
12222/07/2018         .                                                   1  F  3.3 29.5 26.7 17.3  0.1 53.3101.0   0.8  5.2   13   400
