  118/01/2019         .                                                   1  F  4.9 38.5 25.9 15.9 0.12 13.2101.0   1.1  7.3 13.4   410
  411/01/2019         .                                                   1  F    4118.3 30.9 24.8 0.16 22.3114.1   1.2  7.2 13.2   470
  821/01/2019         .                                                   1  F  4.1 86.8 13.9 21.8 0.22 25.1  100   1.5  6.7   15   540
 1325/01/2019         .                                                   1  F  3.2105.6  7.1   17 0.12 40.7110.1   0.8    7 13.7   391
 1805/02/2019         .                                                   1  M  4.1  136   27   14 0.02 10.8110.0   0.5  5.1 15.6   580
 2331/01/2019         .                                                   1  F    4153.8  8.4   26 0.32 50.1100.0   2.1  5.9 15.7   530
 2702/02/2019         .                                                   1  M  4.1 80.4 36.4 23.1 0.25 14.9 99.0   1.7  5.2 14.1   480
 3130/01/2019         .                                                   1  M    5 54.2 33.3 23.4 0.37 46.6 94.0    2.  7.1 13.8   420
 3308/02/2019         .                                                   1  M  5.1118.9 15.5 30.5 0.01 31.5103.0   0.4  6.8 13.5   410
 3412/02/2019         .                                                   1  M  5.1 64.2 22.9 16.9 0.05   30112.1   0.8  5.9   15   490
 3512/02/2019         .                                                   1  M  4.6 86.1 26.4 14.3 0.38 40.7109.1   2.6  6.5   15   510
 3616/02/2019         .                                                   1  F  3.9127.8 32.8 18.8 0.04 34.7105.0   0.5  6.6 12.9   430
 3914/02/2019         .                                                   1  M  4.1 90.5 20.8 29.9 0.03   12110.0   0.5  7.7 13.5   440
 4715/02/2019         .                                                   1  F  4.4 98.5 14.9 26.4 0.23  9.1112.1   1.6  6.4 16.1   550
 5302/03/2019         .                                                   1  F  4.1 35.8 15.4 17.3 0.02 44.1106.0   0.5    6 15.6   490
 5401/03/2019         .                                                   1  M  4.9   88 34.3 24.2 0.11 27.4112.1   0.9  6.1 15.1   520
 5611/03/2019         .                                                   1  M  4.2116.4 15.7 23.6  0.3 34.2107.0   2.0    7 15.8   480
 5727/02/2019         .                                                   1  F  4.7 66.8 11.6 24.7 0.25   32104.0   1.7  6.4 14.3   520
 6004/03/2019         .                                                   1  M    5 81.5   32 28.8  0.2 45.5103.0   1.4  6.2 13.6   410
 6104/03/2019         .                                                   1  M  4.1101.1 27.2 23.4 0.18 28.5116.1    1.  5.6 12.2   390
 6618/03/2019         .                                                   1  M    5120.9   25 15.3 0.07   13104.0   0.7  8.2 11.8   460
 6727/02/2019         .                                                   1  F  5.4 35.2 35.6   12 0.22 18.5100.0   1.6  6.8 16.4   570
 7007/03/2019         .                                                   1  F  4.4141.5   39   36 0.24 29.9 95.0   1.7  7.2 13.7   381
 7206/03/2019         .                                                   1  M  4.8125.7 26.4 23.6 0.13 31.4106.0   0.9  4.9 14.7   490
 7406/03/2019         .                                                   1  F  3.6141.5 22.7 27.9 0.11 22.8110.0   0.8  6.1 14.1   490
 7607/03/2019         .                                                   1  M  4.5 16.5 23.9 13.1 0.22   35110.0   1.5  4.9   13   450
 7811/03/2019         .                                                   1  M  3.9 61.1 25.6 24.7 0.24 12.1 99.0   1.5  5.3   14   390
 7915/03/2019         .                                                   1  F  4.3 92.4 31.6 21.7 0.28 33.3  100    1.  6.7 12.5   430
 8113/03/2019         .                                                   1  F  4.5104.3  6.7 27.5 0.32 10.8 99.0   2.0  6.7 15.4   490
 8220/03/2019         .                                                   1  F  5.2 55.6 15.2  7.6 0.48   34108.0   3.0  6.7 13.7   420
 8316/03/2019         .                                                   1  F  5.1114.3 34.3 17.4 0.35 21.4107.0   2.4  6.2 12.2   430
 8429/03/2019         .                                                   1  F  4.8 34.5 17.1   31 0.24 26.5112.1    1.  7.7 14.2   470
 8517/03/2019         .                                                   1  M  4.8 82.7 24.3 15.2  0.3 26.7116.1    2.  6.9 13.2   450
 8615/03/2019         .                                                   1  F  4.8 77.5 25.1 16.9 0.19 27.4100.0   1.5  7.2 15.4   520
 8720/03/2019         .                                                   1  F  4.1 68.4 20.3 23.7 0.27 30.6111.1   1.9  4.5 15.7   500
 9012/03/2019         .                                                   1  M  3.9 48.8 17.7 30.7 0.17 23.3106.0    1.  5.9 12.8   410
 9123/03/2019         .                                                   1  M  4.3111.9 13.1 20.2 0.06 43.6109.1   0.6  7.3 12.1   340
 9220/03/2019         .                                                   1  F  3.9121.9 32.5 16.6 0.14 30.7107.0   1.1  5.4 14.3   400
 9318/03/2019         .                                                   1  F    4100.9 20.5 31.7  0.2  5.2112.1   1.4  6.1 13.6   490
 9628/03/2019         .                                                   1  F  4.1 81.3   15 18.1  0.2 26.8115.1   1.5  6.5 16.8   510
 9730/03/2019         .                                                   1  F  3.8 57.5   19 30.5 0.13 27.2103.0   1.1  6.1 12.4   421
10205/04/2019         .                                                   1  M  4.3 72.8 18.5 20.3 0.24 13.6  100   1.8  4.8 15.7   420
10907/04/2019         .                                                   1  M  4.2   73 35.5 29.1 0.12 23.2110.0   0.9  6.6 11.6   460
11307/04/2019         .                                                   1  M  4.7 25.9 29.7 24.5 0.25 45.5102.0   1.6  7.3 14.1   520
11406/04/2019         .                                                   1  F  4.3150.6 27.5 20.4 0.11 24.7105.0   0.9  6.4 12.1   400
11515/04/2019         .                                                   1  F  4.1 98.5 26.4 17.4 0.04 35.1  100    0.  6.1 14.3   490
12114/04/2019         .                                                   1  F  4.3 13.9 23.4 25.3 0.16 18.6 97.0    1.  5.6 16.3   530
12218/04/2019         .                                                   1  F  3.4 29.2 29.5 17.6  0.1 54.4 98.0   0.9  5.5 13.9   470
