  123/07/2018         .                                                   1  F  4.9 33.7 21.8 15.4 0.12 15.2 98.0   0.8  7.3 13.4   530
  327/07/2018         .                                                   1  F  3.7 76.9 16.5 24.4 0.12 39.5114.1   0.8  5.9 11.9   450
  418/07/2018         .                                                   1  F  4.1104.9 27.2 25.4 0.16 25.2112.1   1.3  7.7 13.5   490
  822/07/2018         .                                                   1  F  4.2 80.9 19.3   19 0.22 23.4106.0    1.  6.7 14.6   530
 1324/07/2018         .                                                   1  F    3101.4  6.4   13 0.22 37.5110.0   1.6  6.9 13.9   450
 1424/07/2018         .                                                   1  M  4.5124.4 16.5  9.4 0.09 17.4108.0   0.9  6.3 13.6   480
 1806/08/2018         .                                                   1  M  4.3138.2 24.3 14.6 0.02  9.7108.0    0.  5.2 16.4   540
 2302/08/2018         .                                                   1  F  4.1156.7 10.3 27.6 0.32   50102.0   2.2  6.3 13.4   400
 2403/08/2018         .                                                   1  F  3.9 60.5   20 18.1 0.18 25.2  111   1.5  6.7 13.8   470
 2607/08/2018         .                                                   1  F  5.2 86.9 24.8 13.7 0.32 20.3111.1   1.9  5.8 14.1   450
 2704/08/2018         .                                                   1  M  3.9 84.1 36.6   23 0.25 15.3100.0   1.8  5.3 13.9   420
 3131/07/2018         .                                                   1  M  5.1 54.8 31.2   24 0.27 45.8 98.0   2.0  6.7 12.6   410
 3309/08/2018         .                                                   1  M    5118.6   15 32.2 0.01   33102.0   0.5  7.6 14.1   420
 3414/08/2018         .                                                   1  M  5.1 70.4 22.8 16.7 0.05 30.2114.1   0.7  5.2 14.4   490
 3517/08/2018         .                                                   1  M  4.6 94.1 26.2   16 0.28 35.2111.1   1.9  6.6 14.9   450
 3618/08/2018         .                                                   1  F  3.8131.3   33 18.4 0.04 34.4108.0   0.5  6.6 13.2   440
 3919/08/2018         .                                                   1  M  4.4   79 20.6   32 0.03  9.7  111    0.  7.3 13.4   430
 4022/08/2018         .                                                   1  M  5.7  104 17.5   24 0.32 18.8 96.0   2.1  5.5 15.6   480
 4717/08/2018         .                                                   1  F  4.3 95.3 16.2 26.7 0.23   13114.1   1.7  7.1 16.6   580
 4930/08/201802/09/2018PREG.                                              0  F  5.3 77.8 14.2 26.9 0.01 32.9103.0   0.3  8.4 12.2   391
 5301/09/2018         .                                                   1  F  3.9 44.2   22 17.8 0.12 41.9  100   1.3  5.8 14.4   450
 5403/09/2018         .                                                   1  M  4.8 93.4 29.8 25.3 0.11 27.7112.1        6.3 13.9   440
 5526/08/2018         .                                                   1  M  4.2133.7 16.8 28.5 0.14 28.3110.0   1.1  5.9 16.7   530
 5604/09/2018         .                                                   1  M  4.3  118 16.3 27.8  0.2 33.6106.0   1.4    7 16.1   510
 5727/08/2018         .                                                   1  F  4.8 68.4 14.3 25.7 0.25 34.1104.0    1.  6.5 14.9   470
 6008/09/2018         .                                                   1  M  4.9 92.9 25.9 28.2  0.2 47.2102.0   1.6  6.3 13.5   450
 6108/09/2018         .                                                   1  M    4105.7 24.7 21.4 0.18 23.5118.1   1.3  5.9 12.8   410
 6206/09/2018         .                                                   1  M  4.4 88.9  5.7 13.9  0.1 34.5 97.0   0.9    6 13.1   450
 6308/09/2018         .                                                   1  F  4.8 35.9 22.3 24.7 0.25   34103.0    1.  5.2 11.6   400
 6614/09/2018         .                                                   1  M  4.9122.6 24.9 13.1 0.07 11.4107.0   0.8  7.9 12.7   400
 6702/09/2018         .                                                   1  F  5.3 48.4 31.6 10.1 0.22   24102.0   1.4    7 16.7   580
 6801/09/2018         .                                                   1  F    5 90.7 35.5 23.8 0.11   32110.0   0.7  6.3 13.5   510
 7009/09/2018         .                                                   1  F  4.6  145 33.5 35.8 0.24 30.5 95.0   1.6  7.4 13.2   450
 7211/09/2018         .                                                   1  M  4.9114.1 24.7 23.2 0.13 33.8105.0   1.0  4.9 13.8   470
 7410/09/2018         .                                                   1  F  3.5121.9   25 28.5 0.21 22.6112.1   1.5  6.2 14.3   420
 7506/09/2018         .                                                   1  F  4.3108.8 18.1 23.5 0.09 13.6101.0   0.8  6.7 15.7   550
 7608/09/2018         .                                                   1  M  4.3 24.1 25.3 13.9 0.22 35.5109.0   1.7  4.4 14.3   500
 7809/09/2018         .                                                   1  M    4 50.6 21.9 20.2 0.24  5.1  100   1.7  5.5   14   460
 7915/09/2018         .                                                   1  F  4.4 96.4 30.5 22.2 0.28   30106.0   2.0  6.7 11.2   350
 8112/09/2018         .                                                   1  F  4.4102.1  7.3 26.7 0.22 11.5 97.0   1.5  6.5 15.6   510
 8216/09/2018         .                                                   1  F  5.1   43 14.4  6.3 0.28 34.2107.0   1.9  6.6 13.6   450
 8314/09/2018         .                                                   1  F  4.8126.6 30.3 19.1 0.35 20.3  100   2.3  5.7 13.3   450
 8426/09/2018         .                                                   1  F  4.9 39.7 15.2 32.5 0.24 30.9114.1   1.4  8.2 13.4   470
 8516/09/2018         .                                                   1  M  4.8 87.8 21.5 13.8  0.2 32.8116.1   1.3  7.1 13.2   400
 8617/09/2018         .                                                   1  F  4.7 82.7 25.9 16.7 0.19 22.4100.0   1.4  7.2 15.1   570
 8720/09/2018         .                                                   1  F  3.9 70.5 18.2   21 0.27 28.3111.1   1.8    5 14.7   450
 9016/09/2018         .                                                   1  M    4 53.5 19.2   33 0.17 24.9108.0   1.4  6.4 13.3   470
 9122/09/2018         .                                                   1  M  4.1108.9   16 18.2 0.06 44.3107.0   0.8  7.1 12.6   420
 9219/09/2018         .                                                   1  F  4.1124.2   35 18.5 0.14 35.6105.0   1.1  6.1 13.8   430
 9320/09/2018         .                                                   1  F    4  108 21.7 33.4  0.2  5.2112.1   1.5    6 13.7   490
 9628/09/2018         .                                                   1  F    4 85.4 12.1 22.3  0.2 26.2115.1   1.5  6.2 15.6   470
 9705/10/2018         .                                                   1  F  3.9 57.7 20.9 29.2 0.13 23.4 99.0   1.0  6.5 11.5   370
10204/10/2018         .                                                   1  M  4.4 77.7 15.6 20.1 0.24 18.6105.0   1.9  4.9 14.2   500
10908/10/2018         .                                                   1  M    4 65.2 31.1 28.4 0.22 20.6109.0   1.6    7 11.8   390
11307/10/2018         .                                                   1  M  4.7   30 28.4 24.8 0.15 48.3104.0   1.3  7.3 14.3   480
11408/10/2018         .                                                   1  F  4.3154.3 18.3 17.5 0.11 24.9104.0   1.0  5.9   13   430
11513/10/2018         .                                                   1  F    4101.8 27.3 19.5 0.14 32.6101.0   1.0  5.9 14.9   490
12119/10/2018         .                                                   1  F  4.4 21.1 20.8 25.4 0.16 23.7 98.0   1.4  5.7 15.2   410
12218/10/2018         .                                                   1  F  3.5 29.4 26.9 18.6  0.1 51.9101.0   0.8  5.3 13.4   490
