  119/10/2018         .                                                   1  F    5 31.4 22.3 16.6 0.12   14  100   1.0  7.2 13.7   440
  415/10/2018         .                                                   1  F  4.1  107 28.5 27.1 0.16 25.6113.1   1.2  7.4 13.5   510
  821/10/2018         .                                                   1  F  4.2 81.3 16.7   20 0.22 23.6106.0   1.7  6.5 14.6   490
 1326/10/2018         .                                                   1  F  3.1101.8  7.2 14.3 0.12 38.8110.0   0.9  6.9 13.5   400
 1804/11/2018         .                                                   1  M  4.1136.5 24.4 14.4 0.02 12.7109.0   0.4  5.2 16.5   550
 2302/11/2018         .                                                   1  F  4.1158.7    9 28.9 0.32 51.8100.0   2.2  5.8 14.6   450
 2431/10/2018         .                                                   1  F  3.9 56.5 19.4   20 0.18 25.9  111   1.3  6.6 14.4   470
 2703/11/2018         .                                                   1  M    4 80.6 34.6 23.8 0.25 12.8100.0   1.5  5.3 13.7   480
 3131/10/2018         .                                                   1  M    5 55.9 30.7 24.9 0.37 47.5 97.0   2.5  6.9   13   440
 3310/11/2018         .                                                   1  M  5.1115.7 14.6 30.6 0.01 34.7102.0   0.4  7.1 13.5   520
 3414/11/2018         .                                                   1  M  5.1 58.8 22.4 17.9 0.05   33112.1   0.5  5.5 14.6   460
 3517/11/2018         .                                                   1  M  4.6 89.8 27.1   16 0.28 38.1109.0   1.9  6.5 15.3   470
 3619/11/2018         .                                                   1  F  3.8127.4 32.6   20 0.04   36  100   0.4  6.8 13.3   410
 3915/11/2018         .                                                   1  M  4.3 78.5 19.1 30.9 0.03 12.8110.1   0.4  7.4 13.3   420
 4022/11/2018         .                                                   1  M  5.7  108 16.3 23.8 0.22 18.1 98.0   1.6  5.8 16.1   430
 4717/11/2018         .                                                   1  F  4.4 92.8 16.1 26.3 0.23  9.7112.1   1.7  6.7 15.9   560
 5328/11/2018         .                                                   1  F  4.1 38.2 19.2   16 0.12 43.5106.0   1.1  5.9 14.8   450
 5404/12/2018         .                                                   1  M  4.9 90.2 34.7 26.2 0.11 29.7114.1   1.1  6.4 14.9   600
 5607/12/2018         .                                                   1  M  4.3111.7 13.6 26.1  0.2 31.1107.0   1.5    7 16.8   530
 5727/11/2018         .                                                   1  F  4.7 67.5 13.5 25.9 0.25 30.8  100   1.8  6.6 14.6   530
 6004/12/2018         .                                                   1  M  4.9 90.3 30.1 27.5  0.2 45.4103.0   1.4  6.3 13.3   440
 6105/12/2018         .                                                   1  M  4.1109.6 24.8 22.4 0.18 28.7117.1   1.4  5.8 12.1   360
 6204/12/2018         .                                                   1  M  4.4 96.4    4 13.4  0.1 35.3 96.0   0.9  5.9   13   440
 6307/12/2018         .                                                   1  F  4.8 42.5 21.2 22.7 0.25 33.5104.0   1.9  5.1 12.1   330
 6617/12/2018         .                                                   1  M    5125.4 25.8 14.2 0.07 14.7107.0   0.6    8 11.8   420
 6702/12/2018         .                                                   1  F  5.2 44.1 31.1  8.9 0.22   21101.0   1.5    7 16.8   590
 7005/12/2018         .                                                   1  F  4.6148.4 36.4 34.4 0.24 29.1 95.0   1.8  7.5 13.4   460
 7209/12/2018         .                                                   1  M  4.8121.5 24.2 24.7 0.13 31.3105.0   1.2  4.8 14.5   490
 7407/12/2018         .                                                   1  F  3.6132.2 26.4 27.8 0.21 18.6112.1   1.5  6.4 14.2   430
 7502/12/201804/12/2018PREG.                                              0  F  4.3106.1 18.4 22.6 0.09  8.2  100   0.9  6.9 15.5   531
 7610/12/2018         .                                                   1  M  4.4 26.5 24.7 14.3 0.22 35.6  111   1.5  4.7 13.7   410
 7808/12/2018         .                                                   1  M    4   57 23.2 22.2 0.24  9.1102.0   1.6  5.5 14.1   450
 7911/12/2018         .                                                   1  F  4.3 92.8   31 22.8 0.28 28.8106.0   2.0  6.7 11.7   420
 8112/12/2018         .                                                   1  F  4.6  101  8.7   27 0.22 12.9100.0   1.5  6.6 15.2   520
 8216/12/2018         .                                                   1  F  5.1 47.3 14.2  7.4 0.38 35.5  100   2.7  6.8 13.7   480
 8314/12/2018         .                                                   1  F  4.9123.6 35.2 16.6 0.35 21.6107.0    2.    6 12.2   470
 8426/12/2018         .                                                   1  F  4.9 31.5 18.8 32.3 0.24 28.5113.1   1.7    8 14.3   510
 8513/12/2018         .                                                   1  M    5 81.4 23.3 14.2  0.2   29116.1   1.4    7 13.2   440
 8616/12/2018         .                                                   1  F  4.6 75.6 26.9 15.7 0.19 28.2 99.0   1.3  7.5 15.7   490
 8718/12/2018         .                                                   1  F  3.9 66.1 17.9 20.6 0.27 31.8112.1   1.9  4.9 15.6   450
 9013/12/2018         .                                                   1  M    4 52.7 18.2 31.5 0.17 24.9107.0   1.3  6.4 13.2   380
 9124/12/2018         .                                                   1  M  4.2108.8 17.4 18.6 0.06 44.4109.1   0.5  7.2 12.8   440
 9217/12/2018         .                                                   1  F    4127.9 34.2 18.4 0.14   31106.0        5.4 13.9   420
 9317/12/2018         .                                                   1  F  4.1102.9 22.3 32.8  0.2  4.2  111   1.4  6.2 13.4   370
 9626/12/2018         .                                                   1  F  4.1 81.5 10.4 18.4  0.2 26.2114.1   1.4  6.4 15.5   510
 9731/12/2018         .                                                   1  F  3.7 60.8 19.7 29.2 0.13 25.4100.0   1.1    6 12.4   440
10201/01/2019         .                                                   1  M  4.3 77.9 17.2 21.2 0.14 17.8105.0   1.2  4.7 14.4   440
10905/01/2019         .                                                   1  M    4 65.1 32.2 27.9 0.12 23.2110.1    0.  6.8   12   380
11305/01/2019         .                                                   1  M  4.6 21.4 29.7 26.2 0.15 48.8104.0   1.2  7.3 13.6   430
11409/01/2019         .                                                   1  F  4.2146.6 22.3 19.7 0.11 27.9106.0   1.1  6.2 12.2   390
11511/01/2019         .                                                   1  F  4.1100.7 25.5 18.8 0.04 32.4100.0   0.6  6.1 15.5   510
12114/01/2019         .                                                   1  F  4.3 21.3 21.8 24.2 0.16 21.5 97.0   1.1  5.4   16   570
12218/01/2019         .                                                   1  F  3.4 36.3 27.2 17.6  0.1 53.8 98.0   0.9  5.5 13.1   440
